water.in:
60 5
1 10
2 10 7
3 10 8 6
4 9 8 7 6
5 8 7 10 9 6
1 13
2 14 13
3 11 13 15
4 12 13 11 14
5 14 15 12 11 13
1 16
2 18 17
3 17 18 16
4 16 19 20 17
5 17 19 18 20 16
1 25
2 24 23
3 21 23 22
4 24 22 23 25
5 22 21 23 24 25
1 30
2 27 30
3 29 28 27
4 27 30 29 28
5 28 30 27 26 29
1 35
2 34 35
3 31 33 32
4 31 32 33 34
5 35 34 32 33 31
1 36
2 40 38
3 40 38 37
4 40 39 37 38
5 40 38 39 36 37
1 44
2 42 41
3 45 43 41
4 45 42 44 43
5 42 44 43 41 45
1 46
2 49 50
3 50 46 48
4 47 46 50 48
5 46 47 49 50 48
1 55
2 51 53
3 51 52 53
4 55 53 54 52
5 52 51 53 55 54
1 59
2 59 57
3 58 60 57
4 59 57 56 60
5 57 59 60 58 56
0
0
0
0
0

water.out:
1108368750761492351 2015539200000000000
21425619629148634609 18139852800000000000
3448685425021514611 4534963200000000000
3330686152335629221 2015539200000000000
15527408542891212799 18139852800000000000
