1 0 0 0=1
3 0 0 0=3
0 1 0 0=2
2 1 0 0=4
4 1 0 0=6
0 2 0 0=4
1 2 0 0=5
2 2 0 0=6
3 2 0 0=7
4 2 0 0=8
1 3 0 0=7
3 3 0 0=9
0 4 0 0=8
2 4 0 0=10
4 4 0 0=12

0 0 1 0=3
2 0 1 0=5
4 0 1 0=7
1 1 1 0=6
3 1 1 0=8
0 2 1 0=7
1 2 1 0=8
2 2 1 0=9
3 2 1 0=10
4 2 1 0=11
0 3 1 0=9
2 3 1 0=11
4 3 1 0=13
1 4 1 0=12
3 4 1 0=14

0 0 0 1=4
2 0 0 1=6
4 0 0 1=8
0 1 0 1=6
1 1 0 1=7
2 1 0 1=8
3 1 0 1=9
4 1 0 1=10
1 2 0 1=9
3 2 0 1=11
0 3 0 1=10
2 3 0 1=12
4 3 0 1=14
0 4 0 1=12
1 4 0 1=13
2 4 0 1=14
3 4 0 1=15
4 4 0 1=16

1 0 1 1=8
3 0 1 1=10
0 1 1 1=9
1 1 1 1=10
2 1 1 1=11
3 1 1 1=12
4 1 1 1=13
0 2 1 1=11
2 2 1 1=13
4 2 1 1=15
1 3 1 1=14
3 3 1 1=16
0 4 1 1=15
1 4 1 1=16
2 4 1 1=17
3 4 1 1=18
4 4 1 1=19

0 0 0 2=8
1 0 0 2=9
2 0 0 2=10
3 0 0 2=11
4 0 0 2=12
1 1 0 2=11
3 1 0 2=13
0 2 0 2=12
2 2 0 2=14
4 2 0 2=16
0 3 0 2=14
1 3 0 2=15
2 3 0 2=16
3 3 0 2=17
4 3 0 2=18
1 4 0 2=17
3 4 0 2=19

0 0 1 2=11
1 0 1 2=12
2 0 1 2=13
3 0 1 2=14
4 0 1 2=15
0 1 1 2=13
2 1 1 2=15
4 1 1 2=17
1 2 1 2=16
3 2 1 2=18
0 3 1 2=17
1 3 1 2=18
2 3 1 2=19
3 3 1 2=20
4 3 1 2=21
0 4 1 2=19
2 4 1 2=21
4 4 1 2=23
